2 0.456168 0.330121 0.127749 0.161493
2 0.717928 0.172164 0.194104 0.312804
6 0.81503 0.931177 0.26581 0.137646
17 0.316218 0.918468 0.167978 0.162516
6 0.5538 0.0472659 0.104363 0.0945317
6 0.456257 0.90219 0.116925 0.190383
14 0.906536 0.47346 0.0881437 0.154763
2 0.581936 0.742905 0.16538 0.235326
6 0.340856 0.379233 0.121314 0.15982
2 0.373278 0.130739 0.131301 0.185573
6 0.237589 0.622438 0.168517 0.228794
6 0.374107 0.128399 0.129701 0.189648
6 0.249973 0.119229 0.206929 0.238457
2 0.958704 0.914622 0.0825922 0.169926
