12 0.474315 0.109629 0.195855 0.219258
6 0.788325 0.286583 0.231681 0.274855
2 0.323057 0.807064 0.159058 0.332844
2 0.215579 0.104784 0.189146 0.208183
2 0.0473997 0.9508 0.0947995 0.0975891
2 0.0209553 0.739516 0.0419105 0.179083
9 0.604129 0.0304049 0.0935186 0.0591176
8 0.0773377 0.247596 0.146902 0.152947
17 0.324878 0.31296 0.0993299 0.151238
1 0.200107 0.638979 0.0375947 0.0991331
16 0.0760761 0.250436 0.152152 0.149532
15 0.196611 0.409346 0.103703 0.0811604
15 0.584831 0.713535 0.0604716 0.0929057
1 0.180434 0.640442 0.0775952 0.098982
