15 0.197755 0.406393 0.101516 0.0784442
2 0.324764 0.870965 0.142375 0.194528
9 0.658587 0.517161 0.105643 0.188537
2 0.302902 0.735776 0.135845 0.172299
15 0.584752 0.711192 0.0577387 0.0902096
9 0.470942 0.108831 0.179336 0.21181
11 0.312827 0.342175 0.0684286 0.0825826
2 0.23249 0.104261 0.153252 0.208521
6 0.503633 0.619947 0.161782 0.229371
23 0.944609 0.943809 0.0745158 0.0957975
1 0.0617693 0.110478 0.122438 0.183062
2 0.928564 0.620579 0.100448 0.139773
2 0.0209809 0.737176 0.0419246 0.182443
1 0.881346 0.782985 0.122659 0.175826
12 0.789078 0.284814 0.226965 0.259729
12 0.0485617 0.951504 0.0971233 0.0952113
2 0.881492 0.780055 0.122453 0.173641
