2 0.580085 0.739947 0.15774 0.224825
2 0.45602 0.328958 0.120591 0.156969
2 0.720372 0.174025 0.184677 0.310311
2 0.374143 0.130529 0.129989 0.177253
1 0.360895 0.714405 0.18293 0.240775
0 0.311292 0.919082 0.162308 0.161835
2 0.254455 0.0933502 0.200897 0.185696
6 0.553846 0.0467309 0.0987066 0.0929579
2 0.223743 0.0936279 0.141018 0.186063
2 0.548846 0.609159 0.134756 0.172893
2 0.358738 0.714169 0.183644 0.237338
9 0.341202 0.377493 0.122702 0.156856
15 0.97216 0.0960409 0.0556803 0.0960369
6 0.229209 0.609282 0.142797 0.235408
2 0.176635 0.393928 0.153265 0.191698
20 0.454344 0.899371 0.0976266 0.181562
6 0.907004 0.47505 0.0920437 0.147753
1 0.940447 0.128229 0.118068 0.183359
