6 0.284618 0.43215 0.151805 0.116453
2 0.411623 0.647663 0.0899839 0.230462
2 0.569482 0.239447 0.109658 0.103144
11 0.0999067 0.706184 0.0975372 0.0633915
2 0.156838 0.360947 0.165905 0.169253
2 0.535182 0.0342681 0.134937 0.0679497
2 0.549502 0.812626 0.227664 0.188183
2 0.685189 0.0759849 0.222817 0.145013
6 0.829128 0.323764 0.125334 0.0867988
2 0.702571 0.507818 0.192813 0.130631
2 0.3367 0.152322 0.137389 0.114775
2 0.717534 0.491676 0.221484 0.161013
11 0.665677 0.355834 0.0647705 0.0597169
2 0.0512684 0.486869 0.101417 0.160905
2 0.271882 0.0337689 0.0791802 0.0675378
11 0.894176 0.555811 0.0905546 0.0694251
2 0.830005 0.320234 0.12229 0.0934019
2 0.241524 0.238664 0.0785877 0.0884687
2 0.256905 0.640132 0.125594 0.130534
2 0.242956 0.259458 0.0905631 0.129926
11 0.66256 0.362197 0.0607072 0.0443745
6 0.45694 0.982195 0.282249 0.035439
2 0.276897 0.05504 0.0858187 0.108973
2 0.280643 0.115573 0.0940921 0.0540431
2 0.410065 0.588947 0.0800532 0.109011
